Season,Age,Tm,Lg,Pos,G,MP,PER,TS%,3PAr,FTr,ORB%,DRB%,TRB%,AST%,STL%,BLK%,TOV%,USG%,,OWS,DWS,WS,WS/48,,OBPM,DBPM,BPM,VORP
2017-18,23,SAS,NBA,PG,17,139,15.9,.646,.394,.606,4.0,16.9,10.4,9.3,1.5,1.8,12.6,15.4,,0.3,0.2,0.5,.170,,0.8,1.5,2.3,0.2
2018-19,24,SAS,NBA,PG,67,1728,14.8,.555,.262,.227,2.2,13.3,7.8,21.0,1.9,2.3,14.0,17.7,,1.7,1.9,3.6,.101,,-0.4,1.3,0.9,1.3
2019-20,25,SAS,NBA,SG,68,1677,16.4,.593,.391,.382,2.3,12.1,7.2,20.0,1.3,3.1,12.1,18.9,,3.1,1.1,4.2,.119,,1.2,0.1,1.3,1.4
2020-21,26,SAS,NBA,SG,36,1064,15.0,.550,.536,.252,1.3,9.6,5.4,17.4,1.2,2.9,8.2,22.4,,1.0,0.9,1.9,.085,,1.3,0.0,1.3,0.9
2021-22,27,TOT,NBA,SG,75,2199,14.8,.549,.461,.294,1.8,10.7,6.3,22.9,1.4,2.3,11.6,19.9,,2.8,2.3,5.1,.111,,0.4,0.6,0.9,1.6
2021-22,27,SAS,NBA,SG,49,1486,15.7,.551,.453,.281,1.8,10.5,6.1,25.2,1.6,2.4,12.0,20.7,,2.0,1.3,3.3,.107,,1.2,0.6,1.8,1.4
2021-22,27,BOS,NBA,SG,26,713,12.9,.544,.483,.326,2.0,11.1,6.7,18.2,1.0,2.0,10.8,18.2,,0.9,0.9,1.8,.121,,-1.4,0.5,-0.9,0.2
2022-23,28,BOS,NBA,SG,82,2319,15.4,.604,.516,.253,2.5,11.2,6.9,19.4,1.1,2.8,10.1,17.7,,4.4,3.1,7.4,.154,,1.1,1.3,2.4,2.6
2023-24,29,BOS,NBA,SG,26,846,19.3,.660,.584,.278,2.5,10.0,6.4,22.3,1.9,3.5,12.1,18.9,,2.4,1.3,3.7,.210,,3.9,2.1,6.0,1.7
